| Process Id | Arrival Time | Burst Time | Completion Time | Turn Around Time | Waiting Time | Response Time |
+------------+--------------+------------+-----------------+------------------+--------------+---------------+
|          1 |            1 |          8 |             360 |              359 |          351 |             0 |
|          4 |            3 |          4 |             610 |              607 |          603 |            31 |
|          5 |            5 |          2 |              81 |               76 |           74 |            74 |
|          6 |            3 |          5 |             658 |              655 |          650 |            34 |
|          8 |            4 |          5 |             949 |              945 |          940 |            51 |
|          9 |            7 |          1 |             128 |              121 |          120 |           120 |
|         10 |            3 |          2 |              42 |               39 |           37 |            37 |
|         15 |            8 |          2 |             133 |              125 |          123 |           123 |
|         16 |           10 |          1 |             165 |              155 |          154 |           154 |
|         21 |           16 |          1 |             271 |              255 |          254 |           254 |
|         22 |           16 |          3 |             274 |              258 |          255 |           255 |
|         24 |           15 |          3 |             250 |              235 |          232 |           232 |
|         26 |            2 |          2 |              28 |               26 |           24 |            24 |
|         28 |            9 |          1 |             161 |              152 |          151 |           151 |
|         31 |           31 |          1 |             547 |              516 |          515 |           515 |
|         35 |            4 |          3 |              67 |               63 |           60 |            60 |
|         36 |            1 |          1 |               5 |                4 |            3 |             3 |
|         37 |           10 |          1 |             166 |              156 |          155 |           155 |
|         44 |           36 |          3 |             623 |              587 |          584 |           584 |
|         45 |           45 |          2 |             774 |              729 |          727 |           727 |
|         47 |           40 |          1 |             702 |              662 |          661 |           661 |
|         48 |           44 |          2 |             764 |              720 |          718 |           718 |
|         49 |           40 |          1 |             703 |              663 |          662 |           662 |
|         50 |           45 |          3 |             777 |              732 |          729 |           729 |
|         51 |           10 |          2 |             168 |              158 |          156 |           156 |
|         52 |           43 |          2 |             741 |              698 |          696 |           696 |
|         54 |           24 |          3 |             415 |              391 |          388 |           388 |
|         55 |            8 |          1 |             134 |              126 |          125 |           125 |
|         56 |           21 |          3 |             366 |              345 |          342 |           342 |
|         57 |           53 |          3 |             891 |              838 |          835 |           835 |
|         58 |           11 |          2 |             200 |              189 |          187 |           187 |
|         63 |           25 |          3 |             434 |              409 |          406 |           406 |
|         64 |           50 |          3 |             851 |              801 |          798 |           798 |
|         69 |           26 |          3 |             461 |              435 |          432 |           432 |
|         70 |           40 |          3 |             706 |              666 |          663 |           663 |
|         74 |           59 |          1 |             973 |              914 |          913 |           913 |
|         75 |           59 |          3 |             976 |              917 |          914 |           914 |
|         77 |           19 |          3 |             331 |              312 |          309 |           309 |
|         78 |           21 |          2 |             374 |              353 |          351 |           351 |
|         80 |           42 |          3 |             722 |              680 |          677 |           677 |
|         88 |           40 |          1 |             707 |              667 |          666 |           666 |
|         91 |           52 |          3 |             879 |              827 |          824 |           824 |
|         96 |           30 |          2 |             531 |              501 |          499 |           499 |
|        100 |           29 |          1 |             505 |              476 |          475 |           475 |
|        101 |           39 |          2 |             681 |              642 |          640 |           640 |
|        103 |           39 |          3 |             684 |              645 |          642 |           642 |
|        106 |           59 |          1 |             977 |              918 |          917 |           917 |
|        107 |           30 |          1 |             532 |              502 |          501 |           501 |
|        110 |           41 |          3 |             713 |              672 |          669 |           669 |
|        114 |           42 |          3 |             725 |              683 |          680 |           680 |
|        138 |           28 |          2 |             485 |              457 |          455 |           455 |
|        141 |           16 |          2 |             282 |              266 |          264 |           264 |
|        147 |            8 |          1 |             135 |              127 |          126 |           126 |
|        165 |           22 |          3 |             394 |              372 |          369 |           369 |
|        181 |           13 |          3 |             232 |              219 |          216 |           216 |
|        182 |           25 |          3 |             446 |              421 |          418 |           418 |
|        184 |           44 |          2 |             766 |              722 |          720 |           720 |
|        189 |           43 |          2 |             746 |              703 |          701 |           701 |
|        228 |           56 |          2 |             954 |              898 |          896 |           896 |
|        237 |           28 |          3 |             488 |              460 |          457 |           457 |
|        264 |           31 |          1 |             554 |              523 |          522 |           522 |
|        265 |           37 |          3 |             643 |              606 |          603 |           603 |
|        271 |           45 |          2 |             782 |              737 |          735 |           735 |
|        272 |           33 |          2 |             585 |              552 |          550 |           550 |
|        295 |           21 |          2 |             376 |              355 |          353 |           353 |
|        298 |           19 |          3 |             334 |              315 |          312 |           312 |
|        322 |           19 |          1 |             335 |              316 |          315 |           315 |
|        338 |           22 |          1 |             395 |              373 |          372 |           372 |
|        351 |            3 |          4 |             739 |              736 |          732 |            39 |
|        372 |            2 |          6 |             501 |              499 |          493 |            26 |
|        404 |           42 |          1 |             726 |              684 |          683 |           683 |
|        462 |           30 |          1 |             539 |              509 |          508 |           508 |
|        470 |           28 |          3 |             494 |              466 |          463 |           463 |
|        476 |           44 |          1 |             767 |              723 |          722 |           722 |
|        499 |            8 |          2 |             137 |              129 |          127 |           127 |
|        534 |           51 |          3 |             870 |              819 |          816 |           816 |
|        546 |           17 |          1 |             294 |              277 |          276 |           276 |
|        560 |           36 |          2 |             628 |              592 |          590 |           590 |
|        566 |            8 |          3 |             143 |              135 |          132 |           132 |
|        602 |            5 |          2 |              98 |               93 |           91 |            91 |
|        656 |           52 |          3 |             885 |              833 |          830 |           830 |
|        692 |           35 |          1 |             617 |              582 |          581 |           581 |
|        788 |           21 |          2 |             378 |              357 |          355 |           355 |
|        841 |           31 |          3 |             557 |              526 |          523 |           523 |
|        844 |           28 |          1 |             498 |              470 |          469 |           469 |
|        851 |           24 |          1 |             422 |              398 |          397 |           397 |
|        877 |           19 |          3 |             338 |              319 |          316 |           316 |
|        973 |           15 |          2 |             267 |              252 |          250 |           250 |
|       1069 |           32 |          2 |             577 |              545 |          543 |           543 |
|       1070 |           53 |          3 |             900 |              847 |          844 |           844 |
|       1135 |           18 |          2 |             320 |              302 |          300 |           300 |
|       1139 |           20 |          1 |             352 |              332 |          331 |           331 |
|       1217 |            3 |          1 |              46 |               43 |           42 |            42 |
|       1218 |           50 |          1 |             855 |              805 |          804 |           804 |
|       1320 |            7 |          3 |             131 |              124 |          121 |           121 |
|       1378 |           22 |          2 |             397 |              375 |          373 |           373 |
|       1460 |           19 |          1 |             339 |              320 |          319 |           319 |
|       1527 |           39 |          3 |             696 |              657 |          654 |           654 |
|       1669 |           16 |          2 |             287 |              271 |          269 |           269 |
|       1760 |           27 |          1 |             477 |              450 |          449 |           449 |
|       1797 |            3 |          5 |             812 |              809 |          804 |            43 |
|       1940 |           11 |          3 |             209 |              198 |          195 |           195 |
|       2016 |           39 |          2 |             701 |              662 |          660 |           660 |
|       2168 |           12 |          2 |             223 |              211 |          209 |           209 |
|       2247 |           44 |          2 |             772 |              728 |          726 |           726 |
|       2448 |           37 |          1 |             653 |              616 |          615 |           615 |
|       2576 |           47 |          1 |             813 |              766 |          765 |           765 |
|       2609 |            3 |          5 |             848 |              845 |          840 |            46 |
|       2638 |           45 |          2 |             790 |              745 |          743 |           743 |
|       2671 |            5 |          2 |             100 |               95 |           93 |            93 |
|       2738 |           10 |          3 |             186 |              176 |          173 |           173 |
|       2773 |           30 |          2 |             541 |              511 |          509 |           509 |
|       2991 |           25 |          3 |             455 |              430 |          427 |           427 |
|       3103 |            5 |          3 |             103 |               98 |           95 |            95 |
|       3145 |           21 |          1 |             382 |              361 |          360 |           360 |
|       3152 |           58 |          3 |             969 |              911 |          908 |           908 |
|       3184 |           27 |          3 |             483 |              456 |          453 |           453 |
|       3197 |           59 |          3 |             983 |              924 |          921 |           921 |
|       3504 |           31 |          3 |             566 |              535 |          532 |           532 |
|       3657 |           45 |          2 |             792 |              747 |          745 |           745 |
|       4282 |           53 |          3 |             912 |              859 |          856 |           856 |
|       4331 |           18 |          2 |             328 |              310 |          308 |           308 |
|       5003 |           29 |          3 |             523 |              494 |          491 |           491 |
|       6021 |           43 |          1 |             762 |              719 |          718 |           718 |
|       6047 |            3 |          6 |             888 |              885 |          879 |            49 |
|       7024 |            4 |          3 |              79 |               75 |           72 |            72 |
|       7456 |            8 |          2 |             157 |              149 |          147 |           147 |
|       8564 |           30 |          2 |             543 |              513 |          511 |           511 |
|       9220 |           59 |          2 |             991 |              932 |          930 |           930 |
|       9328 |           54 |          2 |             923 |              869 |          867 |           867 |
