| Process Id | Arrival Time | Burst Time | Completion Time | Turn Around Time | Waiting Time | Response Time |
+------------+--------------+------------+-----------------+------------------+--------------+---------------+
|          5 |            5 |          2 |               7 |                2 |            0 |             0 |
|          9 |            7 |          1 |               9 |                2 |            1 |             1 |
|         10 |            3 |          2 |             296 |              293 |          291 |           291 |
|         15 |            8 |          2 |             303 |              295 |          293 |           293 |
|         16 |           10 |          1 |              11 |                1 |            0 |             0 |
|         21 |           16 |          1 |              17 |                1 |            0 |             0 |
|         26 |            2 |          2 |             310 |              308 |          306 |           306 |
|         28 |            9 |          1 |              13 |                4 |            3 |             3 |
|         31 |           31 |          1 |              33 |                2 |            1 |             1 |
|         36 |            1 |          1 |               2 |                1 |            0 |             0 |
|         37 |           10 |          1 |              15 |                5 |            4 |             4 |
|         45 |           45 |          2 |             345 |              300 |          298 |           298 |
|         47 |           40 |          1 |              41 |                1 |            0 |             0 |
|         48 |           44 |          2 |             360 |              316 |          314 |           314 |
|         49 |           40 |          1 |              43 |                3 |            2 |             2 |
|         51 |           10 |          2 |             365 |              355 |          353 |           353 |
|         52 |           43 |          2 |             368 |              325 |          323 |           323 |
|         55 |            8 |          1 |              19 |               11 |           10 |            10 |
|         58 |           11 |          2 |             387 |              376 |          374 |           374 |
|         74 |           59 |          1 |              61 |                2 |            1 |             1 |
|         78 |           21 |          2 |             394 |              373 |          371 |           371 |
|         88 |           40 |          1 |              45 |                5 |            4 |             4 |
|         92 |           62 |          2 |             397 |              335 |          333 |           333 |
|         96 |           30 |          2 |             400 |              370 |          368 |           368 |
|        100 |           29 |          1 |              31 |                2 |            1 |             1 |
|        101 |           39 |          2 |             403 |              364 |          362 |           362 |
|        106 |           59 |          1 |              63 |                4 |            3 |             3 |
|        107 |           30 |          1 |              35 |                5 |            4 |             4 |
|        108 |          102 |          1 |             103 |                1 |            0 |             0 |
|        125 |           62 |          2 |             428 |              366 |          364 |           364 |
|        132 |          117 |          2 |             435 |              318 |          316 |           316 |
|        138 |           28 |          2 |             438 |              410 |          408 |           408 |
|        141 |           16 |          2 |             449 |              433 |          431 |           431 |
|        147 |            8 |          1 |              21 |               13 |           12 |            12 |
|        157 |          120 |          2 |             456 |              336 |          334 |           334 |
|        175 |          118 |          1 |             119 |                1 |            0 |             0 |
|        177 |           83 |          1 |              85 |                2 |            1 |             1 |
|        184 |           44 |          2 |             459 |              415 |          413 |           413 |
|        185 |          158 |          2 |             462 |              304 |          302 |           302 |
|        186 |          129 |          2 |             465 |              336 |          334 |           334 |
|        189 |           43 |          2 |             480 |              437 |          435 |           435 |
|        194 |           61 |          2 |             505 |              444 |          442 |           442 |
|        203 |           78 |          1 |              79 |                1 |            0 |             0 |
|        206 |          130 |          2 |             508 |              378 |          376 |           376 |
|        213 |          213 |          2 |             511 |              298 |          296 |           296 |
|        217 |          174 |          1 |             175 |                1 |            0 |             0 |
|        220 |          118 |          1 |             121 |                3 |            2 |             2 |
|        224 |          157 |          2 |             516 |              359 |          357 |           357 |
|        227 |           96 |          1 |              97 |                1 |            0 |             0 |
|        228 |           56 |          2 |             519 |              463 |          461 |           461 |
|        232 |          192 |          1 |             193 |                1 |            0 |             0 |
|        236 |          172 |          1 |             173 |                1 |            0 |             0 |
|        239 |          238 |          2 |             524 |              286 |          284 |           284 |
|        241 |          101 |          2 |             529 |              428 |          426 |           426 |
|        247 |          185 |          2 |             536 |              351 |          349 |           349 |
|        251 |          193 |          1 |             195 |                2 |            1 |             1 |
|        252 |          121 |          1 |             123 |                2 |            1 |             1 |
|        264 |           31 |          1 |              37 |                6 |            5 |             5 |
|        266 |          195 |          2 |             539 |              344 |          342 |           342 |
|        267 |          163 |          2 |             544 |              381 |          379 |           379 |
|        268 |          164 |          2 |             557 |              393 |          391 |           391 |
|        270 |          102 |          2 |             562 |              460 |          458 |           458 |
|        271 |           45 |          2 |             565 |              520 |          518 |           518 |
|        272 |           33 |          2 |             574 |              541 |          539 |           539 |
|        281 |          125 |          2 |             579 |              454 |          452 |           452 |
|        283 |          226 |          1 |             227 |                1 |            0 |             0 |
|        287 |          229 |          1 |             231 |                2 |            1 |             1 |
|        292 |          148 |          1 |             149 |                1 |            0 |             0 |
|        295 |           21 |          2 |             640 |              619 |          617 |           617 |
|        299 |          197 |          2 |             643 |              446 |          444 |           444 |
|        300 |           94 |          1 |              95 |                1 |            0 |             0 |
|        304 |          159 |          2 |             662 |              503 |          501 |           501 |
|        306 |           70 |          2 |             665 |              595 |          593 |           593 |
|        313 |          126 |          2 |             672 |              546 |          544 |           544 |
|        319 |          170 |          1 |             171 |                1 |            0 |             0 |
|        322 |           19 |          1 |              23 |                4 |            3 |             3 |
|        323 |          134 |          1 |             135 |                1 |            0 |             0 |
|        325 |          153 |          2 |             675 |              522 |          520 |           520 |
|        338 |           22 |          1 |              25 |                3 |            2 |             2 |
|        339 |          266 |          2 |             680 |              414 |          412 |           412 |
|        342 |          129 |          2 |             685 |              556 |          554 |           554 |
|        355 |          183 |          1 |             185 |                2 |            1 |             1 |
|        359 |           67 |          1 |              69 |                2 |            1 |             1 |
|        360 |           98 |          1 |              99 |                1 |            0 |             0 |
|        375 |           97 |          1 |             101 |                4 |            3 |             3 |
|        378 |          289 |          1 |             291 |                2 |            1 |             1 |
|        380 |          253 |          2 |             688 |              435 |          433 |           433 |
|        381 |          152 |          1 |             153 |                1 |            0 |             0 |
|        384 |          235 |          2 |             691 |              456 |          454 |           454 |
|        386 |          265 |          2 |             698 |              433 |          431 |           431 |
|        390 |          320 |          1 |             322 |                2 |            1 |             1 |
|        393 |          376 |          2 |             701 |              325 |          323 |           323 |
|        394 |          245 |          1 |             247 |                2 |            1 |             1 |
|        404 |           42 |          1 |              47 |                5 |            4 |             4 |
|        407 |          165 |          2 |             714 |              549 |          547 |           547 |
|        413 |          120 |          2 |             725 |              605 |          603 |           603 |
|        422 |          100 |          1 |             105 |                5 |            4 |             4 |
|        442 |          120 |          2 |             734 |              614 |          612 |           612 |
|        444 |          263 |          2 |             741 |              478 |          476 |           476 |
|        454 |          349 |          1 |             351 |                2 |            1 |             1 |
|        460 |          173 |          1 |             177 |                4 |            3 |             3 |
|        461 |          283 |          2 |             748 |              465 |          463 |           463 |
|        462 |           30 |          1 |              39 |                9 |            8 |             8 |
|        463 |          240 |          1 |             241 |                1 |            0 |             0 |
|        466 |          449 |          1 |             451 |                2 |            1 |             1 |
|        467 |           81 |          2 |             751 |              670 |          668 |           668 |
|        469 |          284 |          2 |             754 |              470 |          468 |           468 |
|        474 |          352 |          1 |             353 |                1 |            0 |             0 |
|        476 |           44 |          1 |              49 |                5 |            4 |             4 |
|        479 |           72 |          2 |             769 |              697 |          695 |           695 |
|        482 |          370 |          2 |             778 |              408 |          406 |           406 |
|        487 |          239 |          2 |             781 |              542 |          540 |           540 |
|        489 |          198 |          1 |             199 |                1 |            0 |             0 |
|        494 |          145 |          1 |             147 |                2 |            1 |             1 |
|        499 |            8 |          2 |             784 |              776 |          774 |           774 |
|        504 |          162 |          1 |             163 |                1 |            0 |             0 |
|        508 |          181 |          2 |             789 |              608 |          606 |           606 |
|        512 |          104 |          1 |             107 |                3 |            2 |             2 |
|        513 |          403 |          1 |             405 |                2 |            1 |             1 |
|        514 |          475 |          2 |             792 |              317 |          315 |           315 |
|        521 |          382 |          1 |             384 |                2 |            1 |             1 |
|        533 |          327 |          2 |             795 |              468 |          466 |           466 |
|        535 |          370 |          1 |             372 |                2 |            1 |             1 |
|        540 |          290 |          2 |             798 |              508 |          506 |           506 |
|        545 |          370 |          1 |             374 |                4 |            3 |             3 |
|        546 |           17 |          1 |              27 |               10 |            9 |             9 |
|        558 |          182 |          2 |             805 |              623 |          621 |           621 |
|        560 |           36 |          2 |             808 |              772 |          770 |           770 |
|        565 |           97 |          1 |             109 |               12 |           11 |            11 |
|        568 |          345 |          2 |             821 |              476 |          474 |           474 |
|        578 |          370 |          2 |             838 |              468 |          466 |           466 |
|        585 |          226 |          1 |             229 |                3 |            2 |             2 |
|        586 |          532 |          1 |             533 |                1 |            0 |             0 |
|        590 |          453 |          2 |             843 |              390 |          388 |           388 |
|        591 |          377 |          1 |             378 |                1 |            0 |             0 |
|        595 |          535 |          2 |             846 |              311 |          309 |           309 |
|        597 |           81 |          2 |             855 |              774 |          772 |           772 |
|        601 |          148 |          2 |             860 |              712 |          710 |           710 |
|        602 |            5 |          2 |             887 |              882 |          880 |           880 |
|        619 |          341 |          2 |             890 |              549 |          547 |           547 |
|        620 |          567 |          1 |             569 |                2 |            1 |             1 |
|        623 |          317 |          1 |             318 |                1 |            0 |             0 |
|        627 |          228 |          2 |             899 |              671 |          669 |           669 |
|        638 |          580 |          1 |             581 |                1 |            0 |             0 |
|        641 |          550 |          2 |             902 |              352 |          350 |           350 |
|        645 |          363 |          2 |             905 |              542 |          540 |           540 |
|        650 |          283 |          2 |             910 |              627 |          625 |           625 |
|        654 |          243 |          1 |             245 |                2 |            1 |             1 |
|        675 |          242 |          1 |             243 |                1 |            0 |             0 |
|        677 |          265 |          1 |             267 |                2 |            1 |             1 |
|        678 |          109 |          2 |             915 |              806 |          804 |           804 |
|        679 |          339 |          1 |             340 |                1 |            0 |             0 |
|        687 |          141 |          2 |             918 |              777 |          775 |           775 |
|        692 |           35 |          1 |              51 |               16 |           15 |            15 |
|        694 |          422 |          1 |             423 |                1 |            0 |             0 |
|        696 |          679 |          2 |             923 |              244 |          242 |           242 |
|        698 |          222 |          1 |             223 |                1 |            0 |             0 |
|        701 |          239 |          2 |             926 |              687 |          685 |           685 |
|        706 |          562 |          2 |             945 |              383 |          381 |           381 |
|        709 |          214 |          1 |             215 |                1 |            0 |             0 |
|        713 |          644 |          2 |             948 |              304 |          302 |           302 |
|        714 |          642 |          1 |             645 |                3 |            2 |             2 |
|        718 |          666 |          1 |             667 |                1 |            0 |             0 |
|        724 |          597 |          1 |             599 |                2 |            1 |             1 |
|        737 |           90 |          2 |             969 |              879 |          877 |           877 |
|        749 |          484 |          1 |             486 |                2 |            1 |             1 |
|        755 |           98 |          1 |             111 |               13 |           12 |            12 |
|        757 |           75 |          1 |              77 |                2 |            1 |             1 |
|        760 |          588 |          2 |             976 |              388 |          386 |           386 |
|        763 |          648 |          1 |             649 |                1 |            0 |             0 |
|        765 |          289 |          1 |             293 |                4 |            3 |             3 |
|        769 |          633 |          1 |             635 |                2 |            1 |             1 |
|        777 |          195 |          2 |             979 |              784 |          782 |           782 |
|        779 |          277 |          2 |             984 |              707 |          705 |           705 |
|        781 |          676 |          2 |             991 |              315 |          313 |           313 |
|        782 |          186 |          1 |             187 |                1 |            0 |             0 |
|        783 |          266 |          1 |             269 |                3 |            2 |             2 |
|        788 |           21 |          2 |            1000 |              979 |          977 |           977 |
|        798 |          441 |          1 |             442 |                1 |            0 |             0 |
|        807 |          622 |          1 |             623 |                1 |            0 |             0 |
|        817 |          226 |          1 |             233 |                7 |            6 |             6 |
|        824 |          327 |          1 |             328 |                1 |            0 |             0 |
|        828 |          499 |          1 |             500 |                1 |            0 |             0 |
|        834 |           92 |          1 |              93 |                1 |            0 |             0 |
|        836 |          279 |          1 |             281 |                2 |            1 |             1 |
|        844 |           28 |          1 |              29 |                1 |            0 |             0 |
|        847 |          304 |          1 |             305 |                1 |            0 |             0 |
|        851 |           24 |          1 |              53 |               29 |           28 |            28 |
|        856 |          848 |          1 |             850 |                2 |            1 |             1 |
|        876 |          680 |          1 |             682 |                2 |            1 |             1 |
|        885 |          313 |          1 |             314 |                1 |            0 |             0 |
|        907 |          768 |          1 |             771 |                3 |            2 |             2 |
|        915 |          354 |          1 |             355 |                1 |            0 |             0 |
|        929 |          491 |          1 |             492 |                1 |            0 |             0 |
|        935 |          170 |          1 |             179 |                9 |            8 |             8 |
|        956 |          481 |          1 |             482 |                1 |            0 |             0 |
|        966 |           76 |          1 |              81 |                5 |            4 |             4 |
|        978 |          587 |          1 |             589 |                2 |            1 |             1 |
|       1016 |          311 |          1 |             312 |                1 |            0 |             0 |
|       1020 |          251 |          1 |             253 |                2 |            1 |             1 |
|       1021 |          962 |          1 |             964 |                2 |            1 |             1 |
|       1037 |          204 |          1 |             205 |                1 |            0 |             0 |
|       1049 |          345 |          1 |             347 |                2 |            1 |             1 |
|       1051 |          992 |          1 |             993 |                1 |            0 |             0 |
|       1058 |          615 |          1 |             617 |                2 |            1 |             1 |
|       1060 |          550 |          1 |             552 |                2 |            1 |             1 |
|       1079 |          930 |          1 |             932 |                2 |            1 |             1 |
|       1082 |          599 |          1 |             601 |                2 |            1 |             1 |
|       1086 |          644 |          1 |             647 |                3 |            2 |             2 |
|       1088 |          825 |          1 |             827 |                2 |            1 |             1 |
|       1095 |          130 |          1 |             131 |                1 |            0 |             0 |
|       1109 |          797 |          1 |             800 |                3 |            2 |             2 |
|       1111 |          405 |          1 |             407 |                2 |            1 |             1 |
|       1127 |          315 |          1 |             316 |                1 |            0 |             0 |
|       1136 |          985 |          1 |             986 |                1 |            0 |             0 |
|       1139 |           20 |          1 |              55 |               35 |           34 |            34 |
|       1148 |          968 |          1 |             971 |                3 |            2 |             2 |
|       1157 |          475 |          1 |             477 |                2 |            1 |             1 |
|       1171 |          261 |          1 |             263 |                2 |            1 |             1 |
|       1184 |          623 |          1 |             625 |                2 |            1 |             1 |
|       1192 |          715 |          1 |             716 |                1 |            0 |             0 |
|       1204 |           75 |          1 |              83 |                8 |            7 |             7 |
|       1217 |            3 |          1 |               4 |                1 |            0 |             0 |
|       1218 |           50 |          1 |              57 |                7 |            6 |             6 |
|       1231 |          867 |          1 |             868 |                1 |            0 |             0 |
|       1273 |          831 |          1 |             833 |                2 |            1 |             1 |
|       1281 |          728 |          1 |             729 |                1 |            0 |             0 |
|       1282 |          837 |          1 |             840 |                3 |            2 |             2 |
|       1284 |          524 |          1 |             526 |                2 |            1 |             1 |
|       1288 |          134 |          1 |             137 |                3 |            2 |             2 |
|       1294 |          961 |          1 |             962 |                1 |            0 |             0 |
|       1305 |          145 |          1 |             151 |                6 |            5 |             5 |
|       1307 |          153 |          1 |             155 |                2 |            1 |             1 |
|       1311 |          815 |          1 |             816 |                1 |            0 |             0 |
|       1328 |           70 |          1 |              71 |                1 |            0 |             0 |
|       1342 |          862 |          1 |             864 |                2 |            1 |             1 |
|       1352 |          203 |          1 |             207 |                4 |            3 |             3 |
|       1364 |          646 |          1 |             651 |                5 |            4 |             4 |
|       1365 |           84 |          1 |              87 |                3 |            2 |             2 |
|       1371 |          412 |          1 |             413 |                1 |            0 |             0 |
|       1403 |          386 |          1 |             389 |                3 |            2 |             2 |
|       1425 |          155 |          1 |             157 |                2 |            1 |             1 |
|       1444 |           90 |          1 |              91 |                1 |            0 |             0 |
|       1449 |          368 |          1 |             370 |                2 |            1 |             1 |
|       1451 |          255 |          1 |             257 |                2 |            1 |             1 |
|       1452 |          345 |          1 |             349 |                4 |            3 |             3 |
|       1460 |           19 |          1 |              59 |               40 |           39 |            39 |
|       1480 |          189 |          1 |             191 |                2 |            1 |             1 |
|       1490 |          744 |          1 |             745 |                1 |            0 |             0 |
|       1492 |          316 |          1 |             320 |                4 |            3 |             3 |
|       1494 |          965 |          1 |             966 |                1 |            0 |             0 |
|       1516 |          624 |          1 |             627 |                3 |            2 |             2 |
|       1542 |          360 |          1 |             362 |                2 |            1 |             1 |
|       1554 |          628 |          1 |             629 |                1 |            0 |             0 |
|       1600 |          429 |          1 |             430 |                1 |            0 |             0 |
|       1618 |          417 |          1 |             419 |                2 |            1 |             1 |
|       1638 |          593 |          1 |             595 |                2 |            1 |             1 |
|       1665 |          160 |          1 |             161 |                1 |            0 |             0 |
|       1675 |          847 |          1 |             848 |                1 |            0 |             0 |
|       1681 |          130 |          1 |             133 |                3 |            2 |             2 |
|       1686 |          431 |          1 |             432 |                1 |            0 |             0 |
|       1690 |          705 |          1 |             707 |                2 |            1 |             1 |
|       1738 |          613 |          1 |             615 |                2 |            1 |             1 |
|       1744 |          774 |          1 |             775 |                1 |            0 |             0 |
|       1745 |          180 |          1 |             181 |                1 |            0 |             0 |
|       1753 |          160 |          1 |             165 |                5 |            4 |             4 |
|       1760 |           27 |          1 |              65 |               38 |           37 |            37 |
|       1768 |          928 |          1 |             930 |                2 |            1 |             1 |
|       1789 |          674 |          1 |             677 |                3 |            2 |             2 |
|       1846 |          553 |          1 |             554 |                1 |            0 |             0 |
|       1885 |          934 |          1 |             936 |                2 |            1 |             1 |
|       1888 |          575 |          1 |             576 |                1 |            0 |             0 |
|       1937 |          211 |          1 |             213 |                2 |            1 |             1 |
|       1944 |          327 |          1 |             330 |                3 |            2 |             2 |
|       1953 |          119 |          1 |             125 |                6 |            5 |             5 |
|       1978 |          933 |          1 |             934 |                1 |            0 |             0 |
|       1980 |          890 |          1 |             892 |                2 |            1 |             1 |
|       2007 |          714 |          1 |             718 |                4 |            3 |             3 |
|       2030 |          367 |          1 |             376 |                9 |            8 |             8 |
|       2064 |          734 |          1 |             736 |                2 |            1 |             1 |
|       2071 |          878 |          1 |             880 |                2 |            1 |             1 |
|       2097 |          809 |          1 |             810 |                1 |            0 |             0 |
|       2183 |          448 |          1 |             453 |                5 |            4 |             4 |
|       2203 |          184 |          1 |             189 |                5 |            4 |             4 |
|       2216 |          485 |          1 |             488 |                3 |            2 |             2 |
|       2236 |          579 |          1 |             583 |                4 |            3 |             3 |
|       2272 |          578 |          1 |             585 |                7 |            6 |             6 |
|       2275 |          645 |          1 |             653 |                8 |            7 |             7 |
|       2287 |          610 |          1 |             611 |                1 |            0 |             0 |
|       2304 |          589 |          1 |             591 |                2 |            1 |             1 |
|       2308 |          990 |          1 |             995 |                5 |            4 |             4 |
|       2309 |          737 |          1 |             738 |                1 |            0 |             0 |
|       2339 |          322 |          1 |             324 |                2 |            1 |             1 |
|       2385 |          829 |          1 |             831 |                2 |            1 |             1 |
|       2395 |          491 |          1 |             494 |                3 |            2 |             2 |
|       2415 |          846 |          1 |             852 |                6 |            5 |             5 |
|       2441 |          176 |          1 |             183 |                7 |            6 |             6 |
|       2448 |           37 |          1 |              67 |               30 |           29 |            29 |
|       2466 |          412 |          1 |             415 |                3 |            2 |             2 |
|       2484 |          495 |          1 |             496 |                1 |            0 |             0 |
|       2499 |          959 |          1 |             960 |                1 |            0 |             0 |
|       2510 |          528 |          1 |             531 |                3 |            2 |             2 |
|       2514 |          140 |          1 |             141 |                1 |            0 |             0 |
|       2519 |          754 |          1 |             756 |                2 |            1 |             1 |
|       2553 |          321 |          1 |             326 |                5 |            4 |             4 |
|       2558 |          558 |          1 |             559 |                1 |            0 |             0 |
|       2576 |           47 |          1 |              73 |               26 |           25 |            25 |
|       2587 |          811 |          1 |             812 |                1 |            0 |             0 |
|       2614 |          949 |          1 |             950 |                1 |            0 |             0 |
|       2634 |          547 |          1 |             548 |                1 |            0 |             0 |
|       2637 |          480 |          1 |             484 |                4 |            3 |             3 |
|       2644 |          378 |          1 |             380 |                2 |            1 |             1 |
|       2646 |          519 |          1 |             521 |                2 |            1 |             1 |
|       2717 |          329 |          1 |             332 |                3 |            2 |             2 |
|       2746 |          667 |          1 |             669 |                2 |            1 |             1 |
|       2751 |          466 |          1 |             467 |                1 |            0 |             0 |
|       2755 |          870 |          1 |             872 |                2 |            1 |             1 |
|       2766 |          221 |          1 |             225 |                4 |            3 |             3 |
|       2825 |          645 |          1 |             655 |               10 |            9 |             9 |
|       2851 |          137 |          1 |             139 |                2 |            1 |             1 |
|       2905 |          740 |          1 |             743 |                3 |            2 |             2 |
|       2945 |           92 |          1 |             113 |               21 |           20 |            20 |
|       2951 |          603 |          1 |             605 |                2 |            1 |             1 |
|       2967 |          714 |          1 |             720 |                6 |            5 |             5 |
|       2972 |          692 |          1 |             693 |                1 |            0 |             0 |
|       3008 |          218 |          1 |             219 |                1 |            0 |             0 |
|       3036 |          860 |          1 |             862 |                2 |            1 |             1 |
|       3055 |          242 |          1 |             249 |                7 |            6 |             6 |
|       3071 |          909 |          1 |             912 |                3 |            2 |             2 |
|       3072 |          762 |          1 |             764 |                2 |            1 |             1 |
|       3079 |          948 |          1 |             952 |                4 |            3 |             3 |
|       3083 |          466 |          1 |             469 |                3 |            2 |             2 |
|       3113 |          940 |          1 |             942 |                2 |            1 |             1 |
|       3145 |           21 |          1 |              75 |               54 |           53 |            53 |
|       3156 |          970 |          1 |             973 |                3 |            2 |             2 |
|       3177 |          925 |          1 |             928 |                3 |            2 |             2 |
|       3200 |          480 |          1 |             490 |               10 |            9 |             9 |
|       3227 |          765 |          1 |             766 |                1 |            0 |             0 |
|       3421 |          198 |          1 |             201 |                3 |            2 |             2 |
|       3443 |          155 |          1 |             159 |                4 |            3 |             3 |
|       3483 |          619 |          1 |             621 |                2 |            1 |             1 |
|       3496 |          955 |          1 |             956 |                1 |            0 |             0 |
|       3519 |          273 |          1 |             275 |                2 |            1 |             1 |
|       3552 |          596 |          1 |             597 |                1 |            0 |             0 |
|       3566 |           97 |          1 |             115 |               18 |           17 |            17 |
|       3671 |          894 |          1 |             896 |                2 |            1 |             1 |
|       3754 |          934 |          1 |             938 |                4 |            3 |             3 |
|       3774 |          706 |          1 |             709 |                3 |            2 |             2 |
|       3784 |          784 |          1 |             786 |                2 |            1 |             1 |
|       3786 |          706 |          1 |             711 |                5 |            4 |             4 |
|       3827 |          768 |          1 |             773 |                5 |            4 |             4 |
|       3856 |          256 |          1 |             259 |                3 |            2 |             2 |
|       3881 |          482 |          1 |             498 |               16 |           15 |            15 |
|       3916 |          192 |          1 |             197 |                5 |            4 |             4 |
|       3938 |          493 |          1 |             502 |                9 |            8 |             8 |
|       3958 |          592 |          1 |             593 |                1 |            0 |             0 |
|       4003 |          830 |          1 |             835 |                5 |            4 |             4 |
|       4029 |          263 |          1 |             265 |                2 |            1 |             1 |
|       4036 |          983 |          1 |             988 |                5 |            4 |             4 |
|       4049 |          182 |          1 |             203 |               21 |           20 |            20 |
|       4143 |          701 |          1 |             703 |                2 |            1 |             1 |
|       4175 |          218 |          1 |             221 |                3 |            2 |             2 |
|       4202 |          630 |          1 |             631 |                1 |            0 |             0 |
|       4220 |          218 |          1 |             235 |               17 |           16 |            16 |
|       4236 |          465 |          1 |             471 |                6 |            5 |             5 |
|       4245 |          880 |          1 |             882 |                2 |            1 |             1 |
|       4351 |          600 |          1 |             603 |                3 |            2 |             2 |
|       4430 |          753 |          1 |             758 |                5 |            4 |             4 |
|       4454 |          204 |          1 |             209 |                5 |            4 |             4 |
|       4536 |          313 |          1 |             334 |               21 |           20 |            20 |
|       4555 |          390 |          1 |             391 |                1 |            0 |             0 |
|       4582 |          414 |          1 |             417 |                3 |            2 |             2 |
|       4696 |          583 |          1 |             587 |                4 |            3 |             3 |
|       4815 |          609 |          1 |             613 |                4 |            3 |             3 |
|       4850 |          893 |          1 |             894 |                1 |            0 |             0 |
|       4891 |          955 |          1 |             958 |                3 |            2 |             2 |
|       4920 |          725 |          1 |             727 |                2 |            1 |             1 |
|       5006 |          873 |          1 |             874 |                1 |            0 |             0 |
|       5042 |          470 |          1 |             473 |                3 |            2 |             2 |
|       5071 |          716 |          1 |             722 |                6 |            5 |             5 |
|       5124 |          220 |          1 |             237 |               17 |           16 |            16 |
|       5179 |          285 |          1 |             287 |                2 |            1 |             1 |
|       5208 |          441 |          1 |             444 |                3 |            2 |             2 |
|       5247 |          932 |          1 |             940 |                8 |            7 |             7 |
|       5271 |          609 |          1 |             619 |               10 |            9 |             9 |
|       5306 |          816 |          1 |             818 |                2 |            1 |             1 |
|       5316 |          565 |          1 |             567 |                2 |            1 |             1 |
|       5369 |          905 |          1 |             907 |                2 |            1 |             1 |
|       5402 |          165 |          1 |             167 |                2 |            1 |             1 |
|       5438 |          315 |          1 |             336 |               21 |           20 |            20 |
|       5452 |          405 |          1 |             409 |                4 |            3 |             3 |
|       5481 |          579 |          1 |             607 |               28 |           27 |            27 |
|       5513 |          269 |          1 |             271 |                2 |            1 |             1 |
|       5571 |          700 |          1 |             705 |                5 |            4 |             4 |
|       5593 |          321 |          1 |             338 |               17 |           16 |            16 |
|       5602 |          644 |          1 |             657 |               13 |           12 |            12 |
|       5628 |          468 |          1 |             475 |                7 |            6 |             6 |
|       5643 |          231 |          1 |             239 |                8 |            7 |             7 |
|       5671 |          859 |          1 |             866 |                7 |            6 |             6 |
|       5680 |          218 |          1 |             251 |               33 |           32 |            32 |
|       5689 |          225 |          1 |             255 |               30 |           29 |            29 |
|       5747 |          953 |          1 |             954 |                1 |            0 |             0 |
|       5871 |          368 |          1 |             382 |               14 |           13 |            13 |
|       5930 |          295 |          1 |             298 |                3 |            2 |             2 |
|       6021 |           43 |          1 |              89 |               46 |           45 |            45 |
|       6037 |          549 |          1 |             550 |                1 |            0 |             0 |
|       6096 |          855 |          1 |             857 |                2 |            1 |             1 |
|       6112 |          441 |          1 |             446 |                5 |            4 |             4 |
|       6144 |          873 |          1 |             876 |                3 |            2 |             2 |
|       6192 |          875 |          1 |             878 |                3 |            2 |             2 |
|       6231 |          822 |          1 |             823 |                1 |            0 |             0 |
|       6365 |          259 |          1 |             261 |                2 |            1 |             1 |
|       6431 |          265 |          1 |             273 |                8 |            7 |             7 |
|       6574 |          647 |          1 |             659 |               12 |           11 |            11 |
|       6604 |          404 |          1 |             411 |                7 |            6 |             6 |
|       6610 |          859 |          1 |             870 |               11 |           10 |            10 |
|       6721 |          231 |          1 |             277 |               46 |           45 |            45 |
|       6803 |          756 |          1 |             760 |                4 |            3 |             3 |
|       6855 |          726 |          1 |             731 |                5 |            4 |             4 |
|       6907 |          544 |          1 |             546 |                2 |            1 |             1 |
|       6974 |          101 |          1 |             117 |               16 |           15 |            15 |
|       7049 |          877 |          1 |             884 |                7 |            6 |             6 |
|       7077 |          135 |          1 |             143 |                8 |            7 |             7 |
|       7082 |          612 |          1 |             633 |               21 |           20 |            20 |
|       7089 |          826 |          1 |             829 |                3 |            2 |             2 |
|       7276 |          415 |          1 |             421 |                6 |            5 |             5 |
|       7288 |          437 |          1 |             440 |                3 |            2 |             2 |
|       7422 |          302 |          1 |             307 |                5 |            4 |             4 |
|       7509 |          241 |          1 |             279 |               38 |           37 |            37 |
|       7644 |          112 |          1 |             127 |               15 |           14 |            14 |
|       7739 |          690 |          1 |             695 |                5 |            4 |             4 |
|       7956 |           84 |          1 |             129 |               45 |           44 |            44 |
|       8064 |          919 |          1 |             920 |                1 |            0 |             0 |
|       8364 |          324 |          1 |             342 |               18 |           17 |            17 |
|       8382 |          756 |          1 |             762 |                6 |            5 |             5 |
|       8388 |          512 |          1 |             513 |                1 |            0 |             0 |
|       8438 |          823 |          1 |             825 |                2 |            1 |             1 |
|       8774 |          122 |          1 |             145 |               23 |           22 |            22 |
|       8839 |          296 |          1 |             300 |                4 |            3 |             3 |
|       8943 |          622 |          1 |             637 |               15 |           14 |            14 |
|       8974 |          420 |          1 |             425 |                5 |            4 |             4 |
|       9003 |          979 |          1 |             981 |                2 |            1 |             1 |
|       9062 |          991 |          1 |             997 |                6 |            5 |             5 |
|       9123 |          801 |          1 |             802 |                1 |            0 |             0 |
|       9134 |           70 |          1 |             169 |               99 |           98 |            98 |
|       9147 |          186 |          1 |             211 |               25 |           24 |            24 |
|       9192 |          350 |          1 |             357 |                7 |            6 |             6 |
|       9250 |          106 |          1 |             217 |              111 |          110 |           110 |
|       9385 |          160 |          1 |             283 |              123 |          122 |           122 |
|       9492 |          540 |          1 |             541 |                1 |            0 |             0 |
|       9622 |          210 |          1 |             285 |               75 |           74 |            74 |
|       9832 |          172 |          1 |             289 |              117 |          116 |           116 |
|       9843 |          608 |          1 |             609 |                1 |            0 |             0 |
|       9970 |          812 |          1 |             814 |                2 |            1 |             1 |
|       9997 |          567 |          1 |             571 |                4 |            3 |             3 |
