| Process Id | Arrival Time | Burst Time | Completion Time | Turn Around Time | Waiting Time | Response Time |
+------------+--------------+------------+-----------------+------------------+--------------+---------------+
|          1 |            1 |          8 |               9 |                8 |            0 |             0 |
|          2 |            2 |          8 |              58 |               56 |           48 |            48 |
|          3 |            3 |          8 |              74 |               71 |           63 |            63 |
|          4 |            3 |          4 |              78 |               75 |           71 |            71 |
|          5 |            5 |          2 |             149 |              144 |          142 |           142 |
|          6 |            3 |          5 |              83 |               80 |           75 |            75 |
|          7 |            7 |          8 |             235 |              228 |          220 |           220 |
|          8 |            4 |          5 |             111 |              107 |          102 |           102 |
|          9 |            7 |          1 |             236 |              229 |          228 |           228 |
|         10 |            3 |          2 |              85 |               82 |           80 |            80 |
|         11 |           11 |          9 |             334 |              323 |          314 |           314 |
|         12 |            4 |          7 |             118 |              114 |          107 |           107 |
|         13 |            4 |          9 |             127 |              123 |          114 |           114 |
|         14 |           13 |          5 |             392 |              379 |          374 |           374 |
|         15 |            8 |          2 |             241 |              233 |          231 |           231 |
|         16 |           10 |          1 |             288 |              278 |          277 |           277 |
|         17 |           11 |          4 |             338 |              327 |          323 |           323 |
|         18 |            6 |          4 |             206 |              200 |          196 |           196 |
|         19 |           15 |          8 |             431 |              416 |          408 |           408 |
|         20 |           12 |          8 |             379 |              367 |          359 |           359 |
|         21 |           16 |          1 |             480 |              464 |          463 |           463 |
|         22 |           16 |          3 |             483 |              467 |          464 |           464 |
|         23 |            6 |          5 |             211 |              205 |          200 |           200 |
|         24 |           15 |          3 |             434 |              419 |          416 |           416 |
|         25 |           16 |          4 |             487 |              471 |          467 |           467 |
|         26 |            2 |          2 |              60 |               58 |           56 |            56 |
|         27 |           11 |          9 |             347 |              336 |          327 |           327 |
|         28 |            9 |          1 |             283 |              274 |          273 |           273 |
|         29 |           23 |          6 |             721 |              698 |          692 |           692 |
|         30 |           17 |          5 |             515 |              498 |          493 |           493 |
|         31 |           31 |          1 |             970 |              939 |          938 |           938 |
|         32 |           29 |          7 |             894 |              865 |          858 |           858 |
|         33 |           18 |          9 |             530 |              512 |          503 |           503 |
|         34 |           11 |          4 |             351 |              340 |          336 |           336 |
|         35 |            4 |          3 |             130 |              126 |          123 |           123 |
|         36 |            1 |          1 |              10 |                9 |            8 |             8 |
|         37 |           10 |          1 |             289 |              279 |          278 |           278 |
|         38 |           15 |          7 |             441 |              426 |          419 |           419 |
|         40 |            4 |          6 |             136 |              132 |          126 |           126 |
|         41 |            5 |          7 |             156 |              151 |          144 |           144 |
|         42 |           13 |          9 |             401 |              388 |          379 |           379 |
|         46 |           21 |          7 |             650 |              629 |          622 |           622 |
|         51 |           10 |          2 |             291 |              281 |          279 |           279 |
|         53 |            5 |          4 |             160 |              155 |          151 |           151 |
|         54 |           24 |          3 |             732 |              708 |          705 |           705 |
|         55 |            8 |          1 |             242 |              234 |          233 |           233 |
|         56 |           21 |          3 |             653 |              632 |          629 |           629 |
|         58 |           11 |          2 |             353 |              342 |          340 |           340 |
|         59 |           21 |          6 |             659 |              638 |          632 |           632 |
|         60 |            5 |          6 |             166 |              161 |          155 |           155 |
|         62 |           26 |          5 |             816 |              790 |          785 |           785 |
|         63 |           25 |          3 |             771 |              746 |          743 |           743 |
|         66 |           22 |          8 |             697 |              675 |          667 |           667 |
|         67 |           24 |          4 |             736 |              712 |          708 |           708 |
|         68 |           31 |          6 |             976 |              945 |          939 |           939 |
|         69 |           26 |          3 |             819 |              793 |          790 |           790 |
|         72 |           21 |          9 |             668 |              647 |          638 |           638 |
|         77 |           19 |          3 |             592 |              573 |          570 |           570 |
|         78 |           21 |          2 |             670 |              649 |          647 |           647 |
|         79 |           16 |          7 |             494 |              478 |          471 |           471 |
|         85 |           25 |          5 |             776 |              751 |          746 |           746 |
|         90 |           10 |          8 |             299 |              289 |          281 |           281 |
|         96 |           30 |          2 |             943 |              913 |          911 |           911 |
|         97 |            1 |          8 |              18 |               17 |            9 |             9 |
|        100 |           29 |          1 |             895 |              866 |          865 |           865 |
|        102 |           26 |          8 |             827 |              801 |          793 |           793 |
|        105 |            5 |          5 |             171 |              166 |          161 |           161 |
|        107 |           30 |          1 |             944 |              914 |          913 |           913 |
|        138 |           28 |          2 |             863 |              835 |          833 |           833 |
|        141 |           16 |          2 |             496 |              480 |          478 |           478 |
|        147 |            8 |          1 |             243 |              235 |          234 |           234 |
|        152 |           25 |          7 |             783 |              758 |          751 |           751 |
|        165 |           22 |          3 |             700 |              678 |          675 |           675 |
|        168 |           18 |          7 |             537 |              519 |          512 |           512 |
|        176 |           25 |          9 |             792 |              767 |          758 |           758 |
|        181 |           13 |          3 |             404 |              391 |          388 |           388 |
|        182 |           25 |          3 |             795 |              770 |          767 |           767 |
|        188 |           18 |          9 |             546 |              528 |          519 |           519 |
|        197 |           24 |          8 |             744 |              720 |          712 |           712 |
|        202 |           15 |          7 |             448 |              433 |          426 |           426 |
|        226 |           15 |          9 |             457 |              442 |          433 |           433 |
|        237 |           28 |          3 |             866 |              838 |          835 |           835 |
|        254 |            4 |          4 |             140 |              136 |          132 |           132 |
|        262 |           31 |          5 |             981 |              950 |          945 |           945 |
|        264 |           31 |          1 |             982 |              951 |          950 |           950 |
|        276 |           27 |          8 |             847 |              820 |          812 |           812 |
|        280 |           28 |          8 |             874 |              846 |          838 |           838 |
|        284 |           15 |          8 |             465 |              450 |          442 |           442 |
|        295 |           21 |          2 |             672 |              651 |          649 |           649 |
|        298 |           19 |          3 |             595 |              576 |          573 |           573 |
|        305 |           29 |          5 |             900 |              871 |          866 |           866 |
|        322 |           19 |          1 |             596 |              577 |          576 |           576 |
|        331 |           25 |          5 |             800 |              775 |          770 |           770 |
|        335 |           30 |          4 |             948 |              918 |          914 |           914 |
|        338 |           22 |          1 |             701 |              679 |          678 |           678 |
|        347 |           20 |          7 |             619 |              599 |          592 |           592 |
|        351 |            3 |          4 |              89 |               86 |           82 |            82 |
|        372 |            2 |          6 |              66 |               64 |           58 |            58 |
|        398 |           11 |          4 |             357 |              346 |          342 |           342 |
|        399 |           30 |          8 |             956 |              926 |          918 |           918 |
|        414 |           10 |          7 |             306 |              296 |          289 |           289 |
|        418 |           29 |          7 |             907 |              878 |          871 |           871 |
|        419 |           10 |          8 |             314 |              304 |          296 |           296 |
|        455 |            1 |          8 |              26 |               25 |           17 |            17 |
|        462 |           30 |          1 |             957 |              927 |          926 |           926 |
|        465 |           18 |          8 |             554 |              536 |          528 |           528 |
|        470 |           28 |          3 |             877 |              849 |          846 |           846 |
|        486 |           29 |          8 |             915 |              886 |          878 |           878 |
|        499 |            8 |          2 |             245 |              237 |          235 |           235 |
|        515 |           12 |          6 |             385 |              373 |          367 |           367 |
|        522 |            8 |          5 |             250 |              242 |          237 |           237 |
|        530 |            5 |          7 |             178 |              173 |          166 |           166 |
|        542 |           18 |          7 |             561 |              543 |          536 |           536 |
|        546 |           17 |          1 |             516 |              499 |          498 |           498 |
|        556 |           18 |          7 |             568 |              550 |          543 |           543 |
|        566 |            8 |          3 |             253 |              245 |          242 |           242 |
|        593 |           25 |          8 |             808 |              783 |          775 |           775 |
|        598 |           10 |          4 |             318 |              308 |          304 |           304 |
|        602 |            5 |          2 |             180 |              175 |          173 |           173 |
|        605 |           26 |          4 |             831 |              805 |          801 |           801 |
|        607 |           11 |          4 |             361 |              350 |          346 |           346 |
|        624 |            6 |          9 |             220 |              214 |          205 |           205 |
|        715 |           28 |          9 |             886 |              858 |          849 |           849 |
|        788 |           21 |          2 |             674 |              653 |          651 |           651 |
|        801 |           20 |          8 |             627 |              607 |          599 |           599 |
|        825 |           14 |          7 |             411 |              397 |          390 |           390 |
|        841 |           31 |          3 |             985 |              954 |          951 |           951 |
|        844 |           28 |          1 |             887 |              859 |          858 |           858 |
|        851 |           24 |          1 |             745 |              721 |          720 |           720 |
|        857 |           24 |          6 |             751 |              727 |          721 |           721 |
|        868 |           15 |          6 |             471 |              456 |          450 |           450 |
|        877 |           19 |          3 |             599 |              580 |          577 |           577 |
|        973 |           15 |          2 |             473 |              458 |          456 |           456 |
|        990 |           16 |          4 |             500 |              484 |          480 |           480 |
|       1077 |            4 |          4 |             144 |              140 |          136 |           136 |
|       1119 |           21 |          4 |             678 |              657 |          653 |           653 |
|       1135 |           18 |          2 |             570 |              552 |          550 |           550 |
|       1139 |           20 |          1 |             628 |              608 |          607 |           607 |
|       1195 |           10 |          4 |             322 |              312 |          308 |           308 |
|       1217 |            3 |          1 |              90 |               87 |           86 |            86 |
|       1264 |           27 |          4 |             851 |              824 |          820 |           820 |
|       1320 |            7 |          3 |             239 |              232 |          229 |           229 |
|       1347 |           31 |          9 |             994 |              963 |          954 |           954 |
|       1378 |           22 |          2 |             703 |              681 |          679 |           679 |
|       1409 |            8 |          5 |             258 |              250 |          245 |           245 |
|       1460 |           19 |          1 |             600 |              581 |          580 |           580 |
|       1487 |           20 |          6 |             634 |              614 |          608 |           608 |
|       1615 |            8 |          9 |             267 |              259 |          250 |           250 |
|       1669 |           16 |          2 |             502 |              486 |          484 |           484 |
|       1760 |           27 |          1 |             852 |              825 |          824 |           824 |
|       1797 |            3 |          5 |              95 |               92 |           87 |            87 |
|       1809 |           20 |          9 |             643 |              623 |          614 |           614 |
|       1940 |           11 |          3 |             364 |              353 |          350 |           350 |
|       2168 |           12 |          2 |             387 |              375 |          373 |           373 |
|       2237 |           29 |          5 |             920 |              891 |          886 |           886 |
|       2454 |            8 |          5 |             272 |              264 |          259 |           259 |
|       2475 |           11 |          7 |             371 |              360 |          353 |           353 |
|       2609 |            3 |          5 |             100 |               97 |           92 |            92 |
|       2671 |            5 |          2 |             182 |              177 |          175 |           175 |
|       2738 |           10 |          3 |             325 |              315 |          312 |           312 |
|       2750 |           27 |          6 |             858 |              831 |          825 |           825 |
|       2773 |           30 |          2 |             959 |              929 |          927 |           927 |
|       2867 |           18 |          9 |             579 |              561 |          552 |           552 |
|       2876 |           23 |          8 |             729 |              706 |          698 |           698 |
|       2991 |           25 |          3 |             811 |              786 |          783 |           783 |
|       2992 |           15 |          6 |             479 |              464 |          458 |           458 |
|       3094 |           14 |          7 |             418 |              404 |          397 |           397 |
|       3103 |            5 |          3 |             185 |              180 |          177 |           177 |
|       3145 |           21 |          1 |             679 |              658 |          657 |           657 |
|       3159 |           17 |          5 |             521 |              504 |          499 |           499 |
|       3184 |           27 |          3 |             861 |              834 |          831 |           831 |
|       3274 |           31 |          7 |            1001 |              970 |          963 |           963 |
|       3941 |           18 |          8 |             587 |              569 |          561 |           561 |
|       3996 |           21 |          6 |             685 |              664 |          658 |           658 |
|       4128 |           22 |          6 |             709 |              687 |          681 |           681 |
|       4199 |           29 |          4 |             924 |              895 |          891 |           891 |
|       4331 |           18 |          2 |             589 |              571 |          569 |           569 |
|       4529 |           22 |          6 |             715 |              693 |          687 |           687 |
|       4588 |           26 |          8 |             839 |              813 |          805 |           805 |
|       4813 |           24 |          8 |             759 |              735 |          727 |           727 |
|       5003 |           29 |          3 |             927 |              898 |          895 |           895 |
|       5159 |            5 |          9 |             194 |              189 |          180 |           180 |
|       5283 |           29 |          7 |             934 |              905 |          898 |           898 |
|       5327 |            1 |          7 |              33 |               32 |           25 |            25 |
|       5412 |           21 |          4 |             689 |              668 |          664 |           664 |
|       5864 |            9 |          4 |             287 |              278 |          274 |           274 |
|       5885 |           16 |          8 |             510 |              494 |          486 |           486 |
|       6047 |            3 |          6 |             106 |              103 |           97 |            97 |
|       6571 |            1 |          8 |              41 |               40 |           32 |            32 |
|       6918 |            8 |          8 |             280 |              272 |          264 |           264 |
|       7024 |            4 |          3 |             147 |              143 |          140 |           140 |
|       7039 |            6 |          7 |             227 |              221 |          214 |           214 |
|       7456 |            8 |          2 |             282 |              274 |          272 |           272 |
|       7638 |            5 |          8 |             202 |              197 |          189 |           189 |
|       7798 |           14 |          5 |             423 |              409 |          404 |           404 |
|       8015 |           24 |          9 |             768 |              744 |          735 |           735 |
|       8263 |            1 |          9 |              50 |               49 |           40 |            40 |
|       8564 |           30 |          2 |             961 |              931 |          929 |           929 |
|       8571 |           29 |          7 |             941 |              912 |          905 |           905 |
|       8612 |           30 |          8 |             969 |              939 |          931 |           931 |
|       9872 |           19 |          5 |             605 |              586 |          581 |           581 |
|       9962 |           19 |          7 |             612 |              593 |          586 |           586 |
